3
chief
C-i-f
>>1<<
0.000000 0.000002 0.000109 0.000083 0.000002 0.000000 0.000097 0.000266 0.000595 0.000007 0.000000 0.000000 0.998989 0.005090 0.000084 0.000000 0.000830 0.000000 0.000378 0.000130 0.000455 0.002287 0.002598 0.007712 0.000011 0.000020 0.000000 0.000987 0.000211 0.065907 0.000152 0.006214 0.000002 0.075390 0.000003 0.000209 0.000000 0.000002 0.000000 0.000026 
0.007986 0.000043 0.000051 0.000006 0.499859 0.000109 0.000184 0.000130 0.000028 0.000036 0.182184 0.000004 0.000094 0.019423 0.000000 0.000094 0.002800 0.000168 0.000000 0.000000 0.000000 0.844516 0.998294 0.001049 0.000003 0.000000 0.000310 0.012811 0.000093 0.000155 0.000245 0.227565 0.000000 0.000000 0.000001 0.000000 0.571099 0.000333 0.000000 0.000000

3 deice	diAs-	>01<<
0.000000 0.000000 0.000097 0.745026 0.000597 0.000015 0.000100 0.000001 0.000010 0.000300 0.000000 0.000001 0.187472 0.004319 0.000099 0.000000 0.007675 0.004907 0.000287 0.000566 0.000236 0.004682 0.000000 0.027988 0.000228 0.001764 0.043462 0.000060 0.000148 0.117542 0.000108 0.004382 0.000000 0.000026 0.000062 0.000354 0.085073 0.000003 0.000000 0.001499 
0.000004 0.009755 0.000044 0.000001 0.000000 0.005836 0.000776 0.000019 0.000028 0.000027 0.000012 0.003055 0.000000 0.000000 0.000000 0.000022 0.003439 0.000674 0.000000 0.000007 0.000001 0.000039 0.597387 0.008719 0.000013 0.004860 0.000255 0.010065 0.000102 0.018884 0.000212 0.000146 0.000000 0.000000 0.000031 0.001484 0.224421 0.000000 0.000398 0.000000

4 
eyrie 
A-ri-	1<<0<    
0.000000 0.000161 0.000176 0.000111 0.000007 0.000000 0.000103 0.035954 0.104627 0.000014 0.000000 0.000000 0.999671 0.418858 0.000063 0.000000 0.001734 0.000004 0.008918 0.000028 0.000042 0.003201 0.000001 0.058088 0.000004 0.000001 0.000002 0.001211 0.000129 0.000501 0.000110 0.006220 0.000001 0.955577 0.000013 0.000423 0.000000 0.000000 0.000000 0.000594 
0.168172 0.000000 0.000040 0.000030 0.017326 0.000180 0.000015 0.000016 0.000059 0.000006 0.018335 0.000613 0.000171 0.006967 0.000000 0.000005 0.001354 0.000907 0.000000 0.000001 0.000000 0.005496 0.750814 0.004798 0.000006 0.000000 0.000291 0.013115 0.000087 0.000007 0.000005 0.000864 0.000000 0.000000 0.000002 0.000213 0.002456 0.000126 0.000000 0.000000 

4
farina
fxrinx
>0>1>0
0.000028 0.996248 0.000114 0.744419 0.000007 0.000007 0.000111 0.000001 0.001367 0.000074 0.000000 0.000000 0.999981 0.001146 0.000086 0.000000 0.019437 0.000002 0.638636 0.000205 0.011291 0.001310 0.000000 0.310262 0.000009 0.000000 0.995931 0.001435 0.000120 0.012970 0.000155 0.003389 0.000001 0.002154 0.000876 0.000422 0.000000 0.197053 0.000000 0.292142 
0.000412 0.000728 0.000052 0.000001 0.000000 0.000001 0.285429 0.000000 0.978709 0.000009 0.000540 0.043084 0.000000 0.001862 0.000000 0.000267 0.001034 0.007523 0.000000 0.000006 0.000000 0.002661 0.000125 0.024054 0.000001 0.000000 0.000333 0.035366 0.000083 0.000000 0.000003 0.050118 0.000000 0.000000 0.003505 0.984036 0.004577 0.000000 0.009382 0.000000 

3
flea
fli-	>>1<
0.007531 0.000000 0.000109 0.000014 0.000000 0.000000 0.000149 0.000001 0.000000 0.001268 0.000000 0.000000 0.999992 0.000966 0.000060 0.000000 0.014077 0.000001 0.001643 0.002521 0.000017 0.007271 0.525020 0.113235 0.000000 0.000007 0.000001 0.000025 0.000138 0.000753 0.000170 0.123685 0.000000 0.237018 0.000015 0.000395 0.000000 0.000010 0.000000 0.003591 
0.000001 0.072204 0.000037 0.000002 0.001845 0.000024 0.000151 0.000000 0.000169 0.000009 0.000362 0.000251 0.000035 0.018915 0.000000 0.001825 0.012552 0.000022 0.000000 0.006174 0.001390 0.003623 0.000000 0.000123 0.000000 0.000109 0.000363 0.072942 0.000109 0.000534 0.020532 0.352293 0.000001 0.001383 0.000001 0.002466 0.096560 0.000000 0.000003 0.000001 

5
goalie
go-li-	>1>>0<
0.000000 0.000000 0.000147 0.000014 0.000000 0.000000 0.000112 0.000078 0.464371 0.000006 0.000004 0.000000 0.994427 0.033612 0.000061 0.000000 0.001690 0.000005 0.002549 0.000107 0.000259 0.001334 0.000004 0.120404 0.000027 0.000001 0.000000 0.009145 0.000173 0.004592 0.000147 0.009281 0.000000 0.970796 0.000006 0.000320 0.000000 0.000005 0.000000 0.000022 
0.001026 0.000017 0.000039 0.000011 0.401486 0.000001 0.002387 0.000001 0.000020 0.000030 0.005842 0.001533 0.000087 0.275284 0.000001 0.001088 0.001348 0.000067 0.000000 0.000026 0.000000 0.036303 0.997925 0.002268 0.000013 0.000000 0.000218 0.016452 0.000091 0.000016 0.000000 0.714358 0.000000 0.000000 0.000025 0.001184 0.016001 0.000029 0.000001 0.000000 

5
concede
kxnsid- >0<>1<<
0.000801 0.000000 0.000122 0.962375 0.000005 0.000000 0.000089 0.000497 0.000758 0.000374 0.000000 0.000008 0.997690 0.196994 0.000078 0.000000 0.002662 0.000000 0.011714 0.000012 0.001070 0.003537 0.000310 0.136269 0.000004 0.000097 0.014849 0.000016 0.000122 0.000116 0.000130 0.001810 0.000000 0.054022 0.006664 0.000446 0.000011 0.000059 0.000000 0.000000 
0.001107 0.032592 0.000025 0.001380 0.000016 0.000274 0.000260 0.004224 0.000056 0.000000 0.001116 0.999843 0.008435 0.000000 0.000009 0.000272 0.003380 0.000000 0.000002 0.000000 0.000006 0.000002 0.000004 0.005718 0.000123 0.252813 0.000320 0.114081 0.000078 0.000000 0.000005 0.200850 0.000010 0.000056 0.000003 0.941655 0.003142 0.000000 0.000031 0.000001 

4
lineament
lInixmxnt >1<00>0<<
0.000892 0.000000 0.000082 0.000264 0.000000 0.000000 0.000086 0.000000 0.000038 0.129628 0.000000 0.000000 0.999971 0.000110 0.000049 0.000000 0.004947 0.001485 0.002338 0.054279 0.000000 0.872169 0.009831 0.003774 0.000000 0.000000 0.000000 0.000223 0.000113 0.000008 0.000195 0.000616 0.000000 0.000000 0.000117 0.000553 0.000000 0.001051 0.000052 0.016610 
0.000005 0.574022 0.000029 0.000004 0.000000 0.003334 0.012576 0.000000 0.000000 0.000000 0.840959 0.000033 0.000992 0.954010 0.016162 0.000000 0.016234 0.000006 0.000000 0.051302 0.000000 0.000752 0.000000 0.000020 0.000001 0.000156 0.000397 0.047875 0.000103 0.104654 0.000246 0.001207 0.000000 0.003184 0.000000 0.000015 0.020249 0.000000 0.000002 0.000154 

8
tumbleweed
t^mbL-wi-d >1<>>0>2<<
0.000000 0.000002 0.000122 0.000034 0.000019 0.000000 0.000077 0.000000 0.050658 0.000087 0.000001 0.000001 0.999904 0.339461 0.000057 0.000000 0.010035 0.000002 0.094431 0.000005 0.000042 0.005431 0.997427 0.005808 0.000023 0.000032 0.000068 0.304510 0.000127 0.000087 0.000201 0.000373 0.000000 0.926188 0.000007 0.000289 0.000000 0.000000 0.000002 0.000000 
0.028089 0.000000 0.000035 0.000001 0.232750 0.000000 0.000001 0.000084 0.000001 0.000000 0.151089 0.010342 0.638499 0.000022 0.000000 0.000126 0.004187 0.011603 0.000002 0.000001 0.000000 0.003652 0.000019 0.008598 0.003465 0.000005 0.000337 0.009774 0.000121 0.000000 0.000387 0.001658 0.000000 0.000004 0.000000 0.000000 0.042606 0.006144 0.000000 0.000000 

2
realistic
rixlIstIk >20>1<>0<
0.007632 0.000526 0.000071 0.000295 0.000001 0.000064 0.000104 0.051990 0.000002 0.148047 0.000000 0.000000 0.999989 0.007123 0.000084 0.000001 0.256847 0.000000 0.000002 0.000485 0.000000 0.000839 0.006081 0.075484 0.000000 0.000000 0.000228 0.000018 0.000160 0.000021 0.000233 0.045568 0.000207 0.000000 0.000006 0.000517 0.000000 0.000000 0.012004 0.645869 
0.000000 0.008975 0.000052 0.000000 0.000513 0.000217 0.002131 0.000000 0.000005 0.000000 0.019325 0.000779 0.000231 0.991539 0.001177 0.000033 0.030919 0.003051 0.000000 0.000084 0.000000 0.001444 0.000000 0.000024 0.000000 0.001171 0.000357 0.057888 0.000093 0.000003 0.009842 0.462255 0.000004 0.000014 0.000189 0.000487 0.000333 0.000000 0.000002 0.000001 

3
knee
-ni- >>1<
0.000000 0.000000 0.000145 0.000040 0.000002 0.000000 0.000103 0.000014 0.098844 0.000006 0.000000 0.000000 0.997898 0.363542 0.000060 0.000000 0.000749 0.000031 0.000085 0.000015 0.000092 0.009684 0.004417 0.006174 0.000000 0.000058 0.000000 0.000140 0.000126 0.003736 0.000150 0.000284 0.000000 0.868082 0.000318 0.000316 0.000000 0.000011 0.000000 0.000019 
0.226087 0.000003 0.000032 0.000060 0.000251 0.000168 0.000017 0.000606 0.000001 0.000001 0.014027 0.010017 0.946233 0.015648 0.000001 0.000000 0.024337 0.001521 0.000002 0.000008 0.000001 0.002070 0.019584 0.002950 0.000481 0.000003 0.000276 0.013226 0.000065 0.000009 0.000269 0.078620 0.000000 0.000026 0.000000 0.000108 0.025049 0.002773 0.000000 0.000000 

1
evangelical
iv@nJElIk-L 2>2<>1<0>0<
0.056490 0.000134 0.000070 0.357137 0.000072 0.000018 0.000100 0.000004 0.053017 0.007976 0.000033 0.000379 0.999987 0.000000 0.000055 0.000000 0.007381 0.000000 0.001064 0.000088 0.000010 0.004102 0.000056 0.029996 0.000001 0.001038 0.000975 0.000001 0.000117 0.002665 0.000155 0.011147 0.000001 0.000003 0.000602 0.000416 0.000317 0.953339 0.000000 0.000009 
0.003658 0.000222 0.000034 0.000032 0.000000 0.000001 0.000098 0.000002 0.000371 0.000000 0.000548 0.765368 0.000001 0.000063 0.000000 0.000086 0.019358 0.005165 0.000000 0.000000 0.000000 0.000243 0.000000 0.001261 0.000069 0.000022 0.000492 0.056152 0.000083 0.000001 0.416573 0.784254 0.000000 0.000001 0.005821 0.304100 0.006466 0.000000 0.000013 0.000000 